servRatePumpservRate    ArrivalRate StagionalitamaxPlaces   | toServe                  lost                     AvgQueueLen_vehicleQueue AvgQueueLen_cashier      AvgWait_vehicleQueue     AvgWait_cashier          Util_A                   Util_B                   Util_C                   Util_D                   
3.5         2.0         4.0         0.2         3.0         | 327.960 ± 2.823          32.650 ± 1.862           0.544 ± 0.016            0.640 ± 0.010            2.374 ± 0.069            2.806 ± 0.038            0.330 ± 0.010            0.457 ± 0.007            0.330 ± 0.009            0.454 ± 0.007            
3.5         2.0         4.0         0.5         3.0         | 324.760 ± 3.607          35.160 ± 2.346           0.551 ± 0.019            0.635 ± 0.012            2.423 ± 0.080            2.812 ± 0.043            0.327 ± 0.010            0.447 ± 0.008            0.329 ± 0.009            0.452 ± 0.006            
3.5         2.0         5.0         0.2         3.0         | 274.410 ± 2.910          12.450 ± 1.327           0.320 ± 0.015            0.513 ± 0.011            1.671 ± 0.072            2.685 ± 0.047            0.242 ± 0.008            0.394 ± 0.006            0.239 ± 0.009            0.393 ± 0.007            
3.5         2.0         5.0         0.5         3.0         | 268.700 ± 2.975          13.920 ± 1.121           0.320 ± 0.015            0.504 ± 0.011            1.700 ± 0.074            2.696 ± 0.045            0.239 ± 0.009            0.385 ± 0.007            0.241 ± 0.008            0.389 ± 0.006            
3.5         2.0         6.0         0.2         3.0         | 234.180 ± 2.909          5.130 ± 0.690            0.190 ± 0.012            0.411 ± 0.009            1.149 ± 0.066            2.523 ± 0.040            0.173 ± 0.007            0.346 ± 0.007            0.187 ± 0.007            0.346 ± 0.006            
3.5         2.0         6.0         0.5         3.0         | 233.940 ± 2.880          7.490 ± 0.837            0.218 ± 0.012            0.423 ± 0.010            1.331 ± 0.068            2.595 ± 0.050            0.186 ± 0.007            0.348 ± 0.006            0.182 ± 0.008            0.347 ± 0.007            
3.5         1.0         4.0         0.2         3.0         | 343.250 ± 3.471          17.170 ± 1.666           0.324 ± 0.015            0.282 ± 0.005            1.345 ± 0.057            1.183 ± 0.015            0.229 ± 0.008            0.383 ± 0.006            0.233 ± 0.007            0.384 ± 0.007            
3.5         1.0         4.0         0.5         3.0         | 340.850 ± 3.834          19.210 ± 1.473           0.328 ± 0.014            0.285 ± 0.005            1.376 ± 0.055            1.201 ± 0.017            0.236 ± 0.007            0.381 ± 0.006            0.228 ± 0.007            0.380 ± 0.007            
3.5         1.0         5.0         0.2         3.0         | 281.580 ± 3.537          6.070 ± 0.793            0.184 ± 0.011            0.226 ± 0.005            0.936 ± 0.052            1.153 ± 0.018            0.164 ± 0.006            0.325 ± 0.006            0.164 ± 0.007            0.327 ± 0.007            
3.5         1.0         5.0         0.5         3.0         | 282.590 ± 3.232          8.400 ± 1.080            0.206 ± 0.011            0.231 ± 0.004            1.042 ± 0.052            1.172 ± 0.018            0.173 ± 0.007            0.323 ± 0.006            0.174 ± 0.006            0.330 ± 0.007            
3.5         1.0         6.0         0.2         3.0         | 237.490 ± 2.678          2.320 ± 0.471            0.104 ± 0.006            0.191 ± 0.004            0.626 ± 0.035            1.157 ± 0.018            0.122 ± 0.005            0.290 ± 0.006            0.122 ± 0.005            0.286 ± 0.006            
3.5         1.0         6.0         0.5         3.0         | 237.730 ± 3.225          4.020 ± 0.682            0.123 ± 0.009            0.193 ± 0.004            0.737 ± 0.052            1.163 ± 0.019            0.130 ± 0.006            0.287 ± 0.006            0.129 ± 0.006            0.285 ± 0.006            
5.0         2.0         4.0         0.2         3.0         | 303.710 ± 2.622          55.820 ± 2.903           0.813 ± 0.023            0.564 ± 0.009            3.820 ± 0.107            2.670 ± 0.040            0.412 ± 0.010            0.500 ± 0.008            0.397 ± 0.011            0.494 ± 0.008            
5.0         2.0         4.0         0.5         3.0         | 298.850 ± 3.022          61.650 ± 3.140           0.831 ± 0.027            0.561 ± 0.010            3.969 ± 0.127            2.699 ± 0.044            0.397 ± 0.011            0.486 ± 0.008            0.407 ± 0.011            0.490 ± 0.008            
5.0         2.0         5.0         0.2         3.0         | 261.210 ± 2.291          23.900 ± 1.656           0.518 ± 0.021            0.468 ± 0.009            2.831 ± 0.112            2.579 ± 0.049            0.315 ± 0.010            0.445 ± 0.007            0.314 ± 0.010            0.450 ± 0.008            
5.0         2.0         5.0         0.5         3.0         | 257.720 ± 2.701          28.630 ± 1.917           0.543 ± 0.022            0.474 ± 0.009            3.003 ± 0.112            2.642 ± 0.045            0.317 ± 0.010            0.443 ± 0.008            0.316 ± 0.011            0.432 ± 0.008            
5.0         2.0         6.0         0.2         3.0         | 226.370 ± 2.776          11.750 ± 1.207           0.346 ± 0.019            0.404 ± 0.009            2.176 ± 0.113            2.558 ± 0.043            0.245 ± 0.009            0.397 ± 0.008            0.249 ± 0.010            0.407 ± 0.009            
5.0         2.0         6.0         0.5         3.0         | 225.590 ± 3.069          14.110 ± 1.427           0.360 ± 0.021            0.397 ± 0.009            2.279 ± 0.126            2.528 ± 0.050            0.253 ± 0.009            0.397 ± 0.007            0.248 ± 0.009            0.396 ± 0.008            
5.0         1.0         4.0         0.2         3.0         | 319.880 ± 3.090          38.520 ± 2.124           0.594 ± 0.020            0.260 ± 0.004            2.659 ± 0.092            1.171 ± 0.017            0.323 ± 0.010            0.445 ± 0.008            0.329 ± 0.009            0.447 ± 0.008            
5.0         1.0         4.0         0.5         3.0         | 314.670 ± 3.490          41.850 ± 2.562           0.610 ± 0.023            0.258 ± 0.004            2.767 ± 0.105            1.176 ± 0.015            0.324 ± 0.009            0.438 ± 0.008            0.328 ± 0.010            0.441 ± 0.008            
5.0         1.0         5.0         0.2         3.0         | 272.250 ± 2.977          17.820 ± 1.597           0.383 ± 0.016            0.218 ± 0.004            2.011 ± 0.086            1.150 ± 0.017            0.261 ± 0.009            0.399 ± 0.007            0.244 ± 0.009            0.397 ± 0.008            
5.0         1.0         5.0         0.5         3.0         | 266.470 ± 2.923          19.820 ± 1.430           0.394 ± 0.017            0.210 ± 0.004            2.110 ± 0.088            1.130 ± 0.018            0.247 ± 0.009            0.388 ± 0.008            0.249 ± 0.009            0.384 ± 0.008            
5.0         1.0         6.0         0.2         3.0         | 232.090 ± 2.757          7.540 ± 1.002            0.229 ± 0.013            0.182 ± 0.004            1.413 ± 0.081            1.129 ± 0.019            0.190 ± 0.008            0.352 ± 0.007            0.192 ± 0.009            0.353 ± 0.008            
5.0         1.0         6.0         0.5         3.0         | 229.800 ± 3.200          10.250 ± 1.023           0.265 ± 0.015            0.182 ± 0.004            1.638 ± 0.082            1.136 ± 0.019            0.198 ± 0.009            0.349 ± 0.008            0.200 ± 0.009            0.345 ± 0.009            
7.0         2.0         4.0         0.2         3.0         | 263.650 ± 2.825          94.210 ± 3.727           1.193 ± 0.028            0.481 ± 0.010            6.472 ± 0.188            2.618 ± 0.047            0.475 ± 0.012            0.520 ± 0.009            0.492 ± 0.013            0.531 ± 0.009            
7.0         2.0         4.0         0.5         3.0         | 260.020 ± 2.769          95.310 ± 3.237           1.160 ± 0.028            0.467 ± 0.009            6.360 ± 0.172            2.580 ± 0.044            0.476 ± 0.013            0.517 ± 0.009            0.472 ± 0.013            0.519 ± 0.009            
7.0         2.0         5.0         0.2         3.0         | 237.540 ± 2.568          47.380 ± 2.693           0.824 ± 0.031            0.411 ± 0.008            4.929 ± 0.182            2.486 ± 0.042            0.394 ± 0.013            0.487 ± 0.009            0.405 ± 0.012            0.490 ± 0.009            
7.0         2.0         5.0         0.5         3.0         | 231.950 ± 2.784          51.610 ± 3.213           0.836 ± 0.032            0.406 ± 0.009            5.123 ± 0.190            2.517 ± 0.045            0.389 ± 0.013            0.475 ± 0.009            0.392 ± 0.013            0.474 ± 0.008            
7.0         2.0         6.0         0.2         3.0         | 211.150 ± 2.307          26.510 ± 2.008           0.610 ± 0.029            0.368 ± 0.008            4.109 ± 0.189            2.505 ± 0.044            0.335 ± 0.012            0.454 ± 0.009            0.327 ± 0.012            0.448 ± 0.008            
7.0         2.0         6.0         0.5         3.0         | 211.420 ± 2.444          26.030 ± 1.769           0.588 ± 0.025            0.363 ± 0.008            3.963 ± 0.169            2.458 ± 0.048            0.324 ± 0.010            0.445 ± 0.009            0.323 ± 0.012            0.445 ± 0.009            
7.0         1.0         4.0         0.2         3.0         | 280.170 ± 2.619          78.880 ± 3.925           1.007 ± 0.033            0.223 ± 0.004            5.138 ± 0.191            1.144 ± 0.017            0.421 ± 0.013            0.488 ± 0.010            0.424 ± 0.012            0.487 ± 0.009            
7.0         1.0         4.0         0.5         3.0         | 275.430 ± 3.179          79.280 ± 3.273           0.992 ± 0.027            0.220 ± 0.005            5.129 ± 0.153            1.149 ± 0.018            0.415 ± 0.013            0.483 ± 0.009            0.424 ± 0.013            0.481 ± 0.010            
7.0         1.0         5.0         0.2         3.0         | 246.910 ± 2.735          40.040 ± 2.616           0.698 ± 0.028            0.194 ± 0.004            4.036 ± 0.171            1.128 ± 0.016            0.346 ± 0.012            0.453 ± 0.008            0.347 ± 0.011            0.448 ± 0.009            
7.0         1.0         5.0         0.5         3.0         | 246.100 ± 2.948          42.190 ± 2.624           0.728 ± 0.028            0.194 ± 0.003            4.221 ± 0.169            1.133 ± 0.018            0.345 ± 0.012            0.448 ± 0.009            0.358 ± 0.013            0.444 ± 0.009            
7.0         1.0         6.0         0.2         3.0         | 219.820 ± 2.637          20.060 ± 1.873           0.477 ± 0.024            0.170 ± 0.004            3.095 ± 0.154            1.111 ± 0.020            0.279 ± 0.011            0.418 ± 0.010            0.278 ± 0.013            0.413 ± 0.010            
7.0         1.0         6.0         0.5         3.0         | 214.980 ± 2.669          23.880 ± 1.882           0.522 ± 0.024            0.166 ± 0.003            3.456 ± 0.161            1.110 ± 0.017            0.285 ± 0.011            0.410 ± 0.010            0.284 ± 0.010            0.406 ± 0.008            
